
Element["" "" "" "" 121000 86000 0 0 0 100 ""]
(
	Pin[-21000 14000 8000 2000 8600 5000 "" "1" "square,edge2"]
	Pin[-1000 14000 8000 2000 8600 5000 "" "2" "edge2"]
	ElementLine [14000 29000 14000 -1000 2500]
	ElementLine [-36000 -1000 -36000 29000 2500]
	ElementLine [-36000 29000 14000 29000 2500]
	ElementLine [-36000 -1000 14000 -1000 2500]
	ElementLine [-24000 29000 -24000 32000 2500]
	ElementLine [-24000 32000 -18000 32000 2500]
	ElementLine [-18000 32000 -18000 29000 2500]
	ElementLine [-18000 29000 -4000 29000 2500]
	ElementLine [-4000 29000 -4000 32000 2500]
	ElementLine [-4000 32000 2000 32000 2500]
	ElementLine [2000 32000 2000 29000 2500]

	)
