
Element["" "" "" "" 32500 48500 0 0 0 100 ""]
(
	Pin[-10500 0 3600 2000 4200 2500 "" "1" "square"]
	Pin[9500 0 3600 2000 4200 2500 "" "2" ""]
	ElementLine [-20500 0 -20500 500 600]
	ElementLine [-500 20500 0 20500 600]
	ElementLine [20000 0 20000 500 600]
	ElementLine [-500 -20000 0 -20000 600]
	ElementLine [-10500 -3000 -10500 -6000 600]
	ElementLine [-10500 -4500 -12000 -4500 600]
	ElementLine [-12000 -4500 -9000 -4500 600]
	ElementArc [-500 500 20000 20000 0 90 600]
	ElementArc [0 500 20000 20000 90 90 600]
	ElementArc [0 0 20000 20000 180 90 600]
	ElementArc [-500 0 20000 20000 270 90 600]

	)
