
Element["" "" "" "" 22375 8888 0 0 0 100 ""]
(
	Pin[-18375 -88 6000 2000 6600 4000 "" "2" "edge2"]
	Pin[17625 -88 6000 2000 6600 4000 "" "1" "edge2"]
	ElementLine [-13080 -6604 12420 -6604 600]
	ElementLine [12420 -6604 12420 6396 600]
	ElementLine [12420 6396 -13080 6396 600]
	ElementLine [-13080 6396 -13080 -6604 600]
	ElementLine [-13080 -6604 -7080 -6604 600]
	ElementLine [-7080 -6604 -7080 6396 600]
	ElementLine [-18375 -88 -11123 -88 600]
	ElementLine [-11123 -88 -11103 -68 600]
	ElementLine [17625 -88 12553 -88 600]
	ElementLine [12553 -88 12533 -68 600]

	)
