
Element["" "" "" "" 46269 34238 0 0 0 100 ""]
(
	Pin[-12287 -10337 4500 2000 5100 2500 "" "2" "edge2"]
	Pin[-31287 -10337 4500 2000 5100 2500 "" "1" "edge2"]
	ElementLine [-43269 -10738 -43269 -10238 600]
	ElementLine [-269 -10738 -269 -10238 600]
	ElementLine [-34769 -19238 -8769 -19238 600]
	ElementLine [-34769 -1738 -8769 -1738 600]
	ElementArc [-34769 -10238 8500 8500 0 90 600]
	ElementArc [-34769 -10738 8500 8500 270 90 600]
	ElementArc [-8769 -10238 8500 8500 90 90 600]
	ElementArc [-8769 -10738 8500 8500 180 90 600]

	)
